------------- C1
(dimension,misses)  Total
(1,3) 28
(2,5) 168
(3,9) 504
(4,14) 1120
(5,21) 2100
(6,29) 3528
(7,39) 5488
(8,50) 8064
(16,195) 60928
(32,795) 473088
(64,22514) 3727360
(128,2169484) 29589504
(256,17181908) 235798528

------------- C2
(dimension,misses)  Total
(1,3) 28
(2,5) 168
(3,9) 504
(4,14) 1120
(5,21) 2100
(6,29) 3528
(7,39) 5488
(8,50) 8064
(16,195) 60928
(32,813) 473088
(64, 22975 ) 3727360
(128, 2140884 ) 29589504
(256, 16956484 ) 235798528

------------- C3
(dimension,misses)  Total
(1,3) 28
(2,5) 168
(3,9) 504
(4,14) 1120
(5,21) 2100
(6,29) 3528
(7,39) 5488
(8,50) 8064
(16, 195 ) 60928
(32, 771 ) 473088
(64, 34959 ) 3727360
(128, 2141092 ) 29589504
(256, 16956484 ) 235798528